Rendering...
Width:		922
Height:		768
Aspect Ratio:	1.200521
Position:	0.00 0.00 0.00
Object:		0.00 0.00 7.00
Scale:		1.00 1.00 1.00
Light:		3.00 0.00 3.00
P: 0.004557 -0.004557 6.000021 1.000000
P: 0.004557 -0.004557 6.000021 1.000000
Time: 0.000188
